5 77 28 3 5 13 57 82 8 3 3 5 13 57 82 8 3 3 5 13 57 82 8 3 3 5 13 57 82 8 3 3 5 13 57 82 8 3
5 77 28 3 5 13 57 82 8 3 3 5 13 57 82 8 3 3 5 13 57 82 8 3 3 5 13 57 82 8 3 3 5 13 57 82 8 3
5 13 27 82 3 5 13 57 82 8 3 3 5 13 57 82 8 3 3 5 13 57 82 8 3 3 5 13 57 82 8 3 3 5 13 57 82 8 3
5 13 27 82 3 5 13 57 82 8 3 3 5 13 57 82 8 3 3 5 13 57 82 8 3 3 5 13 57 82 8 3 3 5 13 57 82 8 3
5 13 57 82 8 3 3 5 13 57 82 8 3 3 5 13 57 82 8 3 3 5 13 57 82 8 3 3 5 13 57 82 8 3 3 5 13 57 82 8 3
5 13 57 82 3 5 13 57 82 8 3 3 5 13 57 82 8 3 3 5 13 57 82 8 3 3 5 13 57 82 8 3 3 5 13 57 82 8 3
5 504 13 57 3 3 5 13 57 82 8 3 3 5 13 57 82 8 3 3 5 13 57 82 8 3 3 5 13 57 82 8 3 3 5 13 57 82 8 3
5 504 13 57 3 3 5 13 57 82 8 3 3 5 13 57 82 8 3 3 5 13 57 82 8 3 3 5 13 57 82 8 3 3 5 13 57 82 8 3
5 77 28 3 5 13 57 82 8 3 3 5 13 57 82 8 3 3 5 13 57 82 8 3 3 5 13 57 82 8 3 3 5 13 57 82 8 3
5 77 28 3 5 13 57 82 8 3 3 5 13 57 82 8 3 3 5 13 57 82 8 3 3 5 13 57 82 8 3 3 5 13 57 82 8 3
5 13 27 82 3 5 13 57 82 8 3 3 5 13 57 82 8 3 3 5 13 57 82 8 3 3 5 13 57 82 8 3 3 5 13 57 82 8 3
5 13 27 82 3 5 13 57 82 8 3 3 5 13 57 82 8 3 3 5 13 57 82 8 3 3 5 13 57 82 8 3 3 5 13 57 82 8 3
5 13 27 33 3 3 5 13 57 82 8 3 3 5 13 57 82 8 3 3 5 13 57 82 8 3 3 5 13 57 82 8 3 3 5 13 57 82 8 3
5 13 57 82 3 5 13 57 82 8 3 3 5 13 57 82 8 3 3 5 13 57 82 8 3 3 5 13 57 82 8 3 3 5 13 57 82 8 3
5 504 13 57 3 3 5 13 57 82 8 3 3 5 13 57 82 8 3 3 5 13 57 82 8 3 3 5 13 57 82 8 3 3 5 13 57 82 8 3
5 504 13 57 3 3 5 13 57 82 8 3 3 5 13 57 82 8 3 3 5 13 57 82 8 3 3 5 13 57 82 8 3 3 5 13 57 82 8 3
5 77 28 3 5 13 57 82 8 3 3 5 13 57 82 8 3 3 5 13 57 82 8 3 3 5 13 57 82 8 3 3 5 13 57 82 8 3
5 77 28 3 5 13 57 82 8 3 3 5 13 57 82 8 3 3 5 13 57 82 8 3 3 5 13 57 82 8 3 3 5 13 57 82 8 3
5 13 27 82 3 5 13 57 82 8 3 3 5 13 57 82 8 3 3 5 13 57 82 8 3 3 5 13 57 82 8 3 3 5 13 57 82 8 3
5 13 27 82 3 5 13 57 82 8 3 3 5 13 57 82 8 3 3 5 13 57 82 8 3 3 5 13 57 82 8 3 3 5 13 57 82 8 3
5 13 57 82 8 3 3 5 13 57 82 8 3 3 5 13 57 82 8 3 3 5 13 57 82 8 3 3 5 13 57 82 8 3 3 5 13 57 82 8 3
5 13 57 82 3 5 13 57 82 8 3 3 5 13 57 82 8 3 3 5 13 57 82 8 3 3 5 13 57 82 8 3 3 5 13 57 82 8 3
5 504 13 57 3 3 5 13 57 82 8 3 3 5 13 57 82 8 3 3 5 13 57 82 8 3 3 5 13 57 82 8 3 3 5 13 57 82 8 3
5 504 13 57 3 3 5 13 57 82 8 3 3 5 13 57 82 8 3 3 5 13 57 82 8 3 3 5 13 57 82 8 3 3 5 13 57 82 8 3
5 77 28 3 5 13 57 82 8 3 3 5 13 57 82 8 3 3 5 13 57 82 8 3 3 5 13 57 82 8 3 3 5 13 57 82 8 3
5 77 28 3 5 13 57 82 8 3 3 5 13 57 82 8 3 3 5 13 57 82 8 3 3 5 13 57 82 8 3 3 5 13 57 82 8 3
5 13 27 82 3 5 13 57 82 8 3 3 5 13 57 82 8 3 3 5 13 57 82 8 3 3 5 13 57 82 8 3 3 5 13 57 82 8 3
5 13 27 82 3 5 13 57 82 8 3 3 5 13 57 82 8 3 3 5 13 57 82 8 3 3 5 13 57 82 8 3 3 5 13 57 82 8 3
5 13 57 82 8 3 3 5 13 57 82 8 3 3 5 13 57 82 8 3 3 5 13 57 82 8 3 3 5 13 57 82 8 3 3 5 13 57 82 8 3
5 13 57 82 3 5 13 57 82 8 3 3 5 13 57 82 8 3 3 5 13 57 82 8 3 3 5 13 57 82 8 3 3 5 13 57 82 8 3
5 504 13 57 3 3 5 13 57 82 8 3 3 5 13 57 82 8 3 3 5 13 57 82 8 3 3 5 13 57 82 8 3 3 5 13 57 82 8 3
5 504 13 57 3 3 5 13 57 82 8 3 3 5 13 57 82 8 3 3 5 13 57 82 8 3 3 5 13 57 82 8 3 3 5 13 57 82 8 3
5 77 28 3 5 13 57 82 8 3 3 5 13 57 82 8 3 3 5 13 57 82 8 3 3 5 13 57 82 8 3 3 5 13 57 82 8 3
5 77 28 3 5 13 57 82 8 3 3 5 13 57 82 8 3 3 5 13 57 82 8 3 3 5 13 57 82 8 3 3 5 13 57 82 8 3
5 13 27 82 3 5 13 57 82 8 3 3 5 13 57 82 8 3 3 5 13 57 82 8 3 3 5 13 57 82 8 3 3 5 13 57 82 8 3
5 13 27 82 3 5 13 57 82 8 3 3 5 13 57 82 8 3 3 5 13 57 82 8 3 3 5 13 57 82 8 3 3 5 13 57 82 8 3
5 13 57 82 3 5 13 57 82 8 3 3 5 13 57 82 8 3 3 5 13 57 82 8 3 3 5 13 57 82 8 3 3 5 13 57 82 8 3
5 13 57 82 3 5 13 57 82 8 3 3 5 13 57 82 8 3 3 5 13 57 82 8 3 3 5 13 57 82 8 3 3 5 13 57 82 8 3
5 504 13 57 3 3 5 13 57 82 8 3 3 5 13 57 82 8 3 3 5 13 57 82 8 3 3 5 13 57 82 8 3 3 5 13 57 82 8 3
5 504 13 57 3 3 5 13 57 82 8 3 3 5 13 57 82 8 3 3 5 13 57 82 8 3 3 5 13 57 82 8 3 3 5 13 57 82 8 3
5 77 28 3 5 13 57 82 8 3 3 5 13 57 82 8 3 3 5 13 57 82 8 3 3 5 13 57 82 8 3 3 5 13 57 82 8 3
5 77 28 3 5 13 57 82 8 3 3 5 13 57 82 8 3 3 5 13 57 82 8 3 3 5 13 57 82 8 3 3 5 13 57 82 8 3
5 13 27 82 3 5 13 57 82 8 3 3 5 13 57 82 8 3 3 5 13 57 82 8 3 3 5 13 57 82 8 3 3 5 13 57 82 8 3
5 13 27 82 3 5 13 57 82 8 3 3 5 13 57 82 8 3 3 5 13 57 82 8 3 3 5 13 57 82 8 3 3 5 13 57 82 8 3
5 13 57 82 8 3 3 5 13 57 82 8 3 3 5 13 57 82 8 3 3 5 13 57 82 8 3 3 5 13 57 82 8 3 3 5 13 57 82 8 3
5 13 57 82 3 5 13 57 82 8 3 3 5 13 57 82 8 3 3 5 13 57 82 8 3 3 5 13 57 82 8 3 3 5 13 57 82 8 3
5 504 13 57 3 3 5 13 57 82 8 3 3 5 13 57 82 8 3 3 5 13 57 82 8 3 3 5 13 57 82 8 3 3 5 13 57 82 8 3
5 504 13 57 3 3 5 13 57 82 8 3 3 5 13 57 82 8 3 3 5 13 57 82 8 3 3 5 13 57 82 8 3 3 5 13 57 82 8 3
5 77 28 3 5 13 57 82 8 3 3 5 13 57 82 8 3 3 5 13 57 82 8 3 3 5 13 57 82 8 3 3 5 13 57 82 8 3
5 77 28 3 5 13 57 82 8 3 3 5 13 57 82 8 3 3 5 13 57 82 8 3 3 5 13 57 82 8 3 3 5 13 57 82 8 3
5 13 27 82 3 5 13 57 82 8 3 3 5 13 57 82 8 3 3 5 13 57 82 8 3 3 5 13 57 82 8 3 3 5 13 57 82 8 3
5 13 27 82 3 5 13 57 82 8 3 3 5 13 57 82 8 3 3 5 13 57 82 8 3 3 5 13 57 82 8 3 3 5 13 57 82 8 3
5 13 57 82 8 3 3 5 13 57 82 8 3 3 5 13 57 82 8 3 3 5 13 57 82 8 3 3 5 13 57 82 8 3 3 5 13 57 82 8 3
5 13 57 82 3 5 13 57 82 8 3 3 5 13 57 82 8 3 3 5 13 57 82 8 3 3 5 13 57 82 8 3 3 5 13 57 82 8 3
5 504 13 57 3 3 5 13 57 82 8 3 3 5 13 57 82 8 3 3 5 13 57 82 8 3 3 5 13 57 82 8 3 3 5 13 57 82 8 3
5 504 13 57 3 3 5 13 57 82 8 3 3 5 13 57 82 8 3 3 5 13 57 82 8 3 3 5 13 57 82 8 3 3 5 13 57 82 8 3
5 77 28 3 5 13 57 82 8 3 3 5 13 57 82 8 3 3 5 13 57 82 8 3 3 5 13 57 82 8 3 3 5 13 57 82 8 3
5 77 28 3 5 13 57 82 8 3 3 5 13 57 82 8 3 3 5 13 57 82 8 3 3 5 13 57 82 8 3 3 5 13 57 82 8 3
5 13 27 82 3 5 13 57 82 8 3 3 5 13 57 82 8 3 3 5 13 57 82 8 3 3 5 13 57 82 8 3 3 5 13 57 82 8 3
5 13 27 82 3 5 13 57 82 8 3 3 5 13 57 82 8 3 3 5 13 57 82 8 3 3 5 13 57 82 8 3 3 5 13 57 82 8 3
5 13 57 82 3 5 13 57 82 8 3 3 5 13 57 82 8 3 3 5 13 57 82 8 3 3 5 13 57 82 8 3 3 5 13 57 82 8 3
5 13 57 82 3 5 13 57 82 8 3 3 5 13 57 82 8 3 3 5 13 57 82 8 3 3 5 13 57 82 8 3 3 5 13 57 82 8 3
5 504 13 57 3 3 5 13 57 82 8 3 3 5 13 57 82 8 3 3 5 13 57 82 8 3 3 5 13 57 82 8 3 3 5 13 57 82 8 3
5 504 13 57 3 3 5 13 57 82 8 3 3 5 13 57 82 8 3 3 5 13 57 82 8 3 3 5 13 57 82 8 3 3 5 13 57 82 8 3
5 77 28 3 5 13 57 82 8 3 3 5 13 57 82 8 3 3 5 13 57 82 8 3 3 5 13 57 82 8 3 3 5 13 57 82 8 3
5 77 28 3 5 13 57 82 8 3 3 5 13 57 82 8 3 3 5 13 57 82 8 3 3 5 13 57 82 8 3 3 5 13 57 82 8 3
5 13 27 82 3 5 13 57 82 8 3 3 5 13 57 82 8 3 3 5 13 57 82 8 3 3 5 13 57 82 8 3 3 5 13 57 82 8 3
5 13 27 82 3 5 13 57 82 8 3 3 5 13 57 82 8 3 3 5 13 57 82 8 3 3 5 13 57 82 8 3 3 5 13 57 82 8 3
5 13 57 82 8 3 3 5 13 57 82 8 3 3 5 13 57 82 8 3 3 5 13 57 82 8 3 3 5 13 57 82 8 3 3 5 13 57 82 8 3
5 13 57 82 3 5 13 57 82 8 3 3 5 13 57 82 8 3 3 5 13 57 82 8 3 3 5 13 57 82 8 3 3 5 13 57 82 8 3
5 504 13 57 3 3 5 13 57 82 8 3 3 5 13 57 82 8 3 3 5 13 57 82 8 3 3 5 13 57 82 8 3 3 5 13 57 82 8 3
5 504 13 57 3 3 5 13 57 82 8 3 3 5 13 57 82 8 3 3 5 13 57 82 8 3 3 5 13 57 82 8 3 3 5 13 57 82 8 3
5 77 28 3 5 13 57 82 8 3 3 5 13 57 82 8 3 3 5 13 57 82 8 3 3 5 13 57 82 8 3 3 5 13 57 82 8 3
5 77 28 3 5 13 57 82 8 3 3 5 13 57 82 8 3 3 5 13 57 82 8 3 3 5 13 57 82 8 3 3 5 13 57 82 8 3
5 13 27 82 3 5 13 57 82 8 3 3 5 13 57 82 8 3 3 5 13 57 82 8 3 3 5 13 57 82 8 3 3 5 13 57 82 8 3
5 13 27 82 3 5 13 57 82 8 3 3 5 13 57 82 8 3 3 5 13 57 82 8 3 3 5 13 57 82 8 3 3 5 13 57 82 8 3
5 13 57 82 8 3 3 5 13 57 82 8 3 3 5 13 57 82 8 3 3 5 13 57 82 8 3 3 5 13 57 82 8 3 3 5 13 57 82 8 3
5 13 57 82 3 5 13 57 82 8 3 3 5 13 57 82 8 3 3 5 13 57 82 8 3 3 5 13 57 82 8 3 3 5 13 57 82 8 3
5 504 13 57 3 3 5 13 57 82 8 3 3 5 13 57 82 8 3 3 5 13 57 82 8 3 3 5 13 57 82 8 3 3 5 13 57 82 8 3
5 504 13 57 3 3 5 13 57 82 8 3 3 5 13 57 82 8 3 3 5 13 57 82 8 3 3 5 13 57 82 8 3 3 5 13 57 82 8 3
5 77 28 3 5 13 57 82 8 3 3 5 13 57 82 8 3 3 5 13 57 82 8 3 3 5 13 57 82 8 3 3 5 13 57 82 8 3
5 77 28 3 5 13 57 82 8 3 3 5 13 57 82 8 3 3 5 13 57 82 8 3 3 5 13 57 82 8 3 3 5 13 57 82 8 3
5 13 27 82 3 5 13 57 82 8 3 3 5 13 57 82 8 3 3 5 13 57 82 8 3 3 5 13 57 82 8 3 3 5 13 57 82 8 3
5 13 27 82 3 5 13 57 82 8 3 3 5 13 57 82 8 3 3 5 13 57 82 8 3 3 5 13 57 82 8 3 3 5 13 57 82 8 3
5 13 57 82 8 3 3 5 13 57 82 8 3 3 5 13 57 82 8 3 3 5 13 57 82 8 3 3 5 13 57 82 8 3 3 5 13 57 82 8 3
5 13 57 82 8 3 3 5 13 57 82 8 3 3 5 13 57 82 8 3 3 5 13 57 82 8 3 3 5 13 57 82 8 3 3 5 13 57 82 8 3
5 504 13 57 3 3 5 13 57 82 8 3 3 5 13 57 82 8 3 3 5 13 57 82 8 3 3 5 13 57 82 8 3 3 5 13 57 82 8 3
5 504 13 57 3 3 5 13 57 82 8 3 3 5 13 57 82 8 3 3 5 13 57 82 8 3 3 5 13 57 82 8 3 3 5 13 57 82 8 3
5 77 28 3 5 13 57 82 8 3 3 5 13 57 82 8 3 3 5 13 57 82 8 3 3 5 13 57 82 8 3 3 5 13 57 82 8 3
5 77 28 3 5 13 57 82 8 3 3 5 13 57 82 8 3 3 5 13 57 82 8 3 3 5 13 57 82 8 3 3 5 13 57 82 8 3
5 13 27 82 3 5 13 57 82 8 3 3 5 13 57 82 8 3 3 5 13 57 82 8 3 3 5 13 57 82 8 3 3 5 13 57 82 8 3
5 13 27 82 3 5 13 57 82 8 3 3 5 13 57 82 8 3 3 5 13 57 82 8 3 3 5 13 57 82 8 3 3 5 13 57 82 8 3
5 13 57 82 3 5 13 57 82 8 3 3 5 13 57 82 8 3 3 5 13 57 82 8 3 3 5 13 57 82 8 3 3 5 13 57 82 8 3
5 13 57 82 3 5 13 57 82 8 3 3 5 13 57 82 8 3 3 5 13 57 82 8 3 3 5 13 57 82 8 3 3 5 13 57 82 8 3
5 504 13 57 3 3 5 13 57 82 8 3 3 5 13 57 82 8 3 3 5 13 57 82 8 3 3 5 13 57 82 8 3 3 5 13 57 82 8 3
5 504 13 57 3 3 5 13 57 82 8 3 3 5 13 57 82 8 3 3 5 13 57 82 8 3 3 5 13 57 82 8 3 3 5 13 57 82 8 3
5 77 28 3 5 13 57 82 8 3 3 5 13 57 82 8 3 3 5 13 57 82 8 3 3 5 13 57 82 8 3 3 5 13 57 82 8 3
5 77 28 3 5 13 57 82 8 3 3 5 13 57 82 8 3 3 5 13 57 82 8 3 3 5 13 57 82 8 3 3 5 13 57 82 8 3
5 13 27 82 3 5 13 57 82 8 3 3 5 13 57 82 8 3 3 5 13 57 82 8 3 3 5 13 57 82 8 3 3 5 13 57 82 8 3
5 13 27 82 3 5 13 57 82 8 3 3 5 13 57 82 8 3 3 5 13 57 82 8 3 3 5 13 57 82 8 3 3 5 13 57 82 8 3
5 13 57 82 3 5 13 57 82 8 3 3 5 13 57 82 8 3 3 5 13 57 82 8 3 3 5 13 57 82 8 3 3 5 13 57 82 8 3
5 504 13 57 3 3 5 13 57 82 8 3 3 5 13 57 82 8 3 3 5 13 57 82 8 3 3 5 13 57 82 8 3 3 5 13 57 82 8 3
5 504 13 57 3 3 5 13 57 82 8 3 3 5 13 57 82 8 3 3 5 13 57 82 8 3 3 5 13 57 82 8 3 3 5 13 57 82 8 3
5 504 13 57 3 3 5 13 57 82 8 3 3 5 13 57 82 8 3 3 5 13 57 82 8 3 3 5 13 57 82 8 3 3 5 13 57 82 8 3
5 77 28 3 5 13 57 82 8 3 3 5 13 57 82 8 3 3 5 13 57 82 8 3 3 5 13 57 82 8 3 3 5 13 57 82 8 3
5 77 28 3 5 13 57 82 8 3 3 5 13 57 82 8 3 3 5 13 57 82 8 3 3 5 13 57 82 8 3 3 5 13 57 82 8 3
5 13 27 82 3 5 13 57 82 8 3 3 5 13 57 82 8 3 3 5 13 57 82 8 3 3 5 13 57 82 8 3 3 5 13 57 82 8 3
5 13 27 82 3 5 13 57 82 8 3 3 5 13 57 82 8 3 3 5 13 57 82 8 3 3 5 13 57 82 8 3 3 5 13 57 82 8 3
5 13 27 33 3 3 5 13 57 82 8 3 3 5 13 57 82 8 3 3 5 13 57 82 8 3 3 5 13 57 82 8 3 3 5 13 57 82 8 3
5 504 13 57 3 3 5 13 57 82 8 3 3 5 13 57 82 8 3 3 5 13 57 82 8 3 3 5 13 57 82 8 3 3 5 13 57 82 8 3
5 504 13 57 3 3 5 13 57 82 8 3 3 5 13 57 82 8 3 3 5 13 57 82 8 3 3 5 13 57 82 8 3 3 5 13 57 82 8 3
5 504 13 57 3 3 5 13 57 82 8 3 3 5 13 57 82 8 3 3 5 13 57 82 8 3 3 5 13 57 82 8 3 3 5 13 57 82 8 3
5 77 28 3 5 13 57 82 8 3 3 5 13 57 82 8 3 3 5 13 57 82 8 3 3 5 13 57 82 8 3 3 5 13 57 82 8 3
5 77 28 3 5 13 57 82 8 3 3 5 13 57 82 8 3 3 5 13 57 82 8 3 3 5 13 57 82 8 3 3 5 13 57 82 8 3
5 13 27 82 3 5 13 57 82 8 3 3 5 13 57 82 8 3 3 5 13 57 82 8 3 3 5 13 57 82 8 3 3 5 13 57 82 8 3
5 13 27 82 3 5 13 57 82 8 3 3 5 13 57 82 8 3 3 5 13 57 82 8 3 3 5 13 57 82 8 3 3 5 13 57 82 8 3
5 13 57 82 3 5 13 57 82 8 3 3 5 13 57 82 8 3 3 5 13 57 82 8 3 3 5 13 57 82 8 3 3 5 13 57 82 8 3
5 13 57 82 3 5 13 57 82 8 3 3 5 13 57 82 8 3 3 5 13 57 82 8 3 3 5 13 57 82 8 3 3 5 13 57 82 8 3
5 504 13 57 3 3 5 13 57 82 8 3 3 5 13 57 82 8 3 3 5 13 57 82 8 3 3 5 13 57 82 8 3 3 5 13 57 82 8 3
5 504 13 57 3 3 5 13 57 82 8 3 3 5 13 57 82 8 3 3 5 13 57 82 8 3 3 5 13 57 82 8 3 3 5 13 57 82 8 3
5 77 28 3 5 13 57 82 8 3 3 5 13 57 82 8 3 3 5 13 57 82 8 3 3 5 13 57 82 8 3 3 5 13 57 82 8 3
5 77 28 3 5 13 57 82 8 3 3 5 13 57 82 8 3 3 5 13 57 82 8 3 3 5 13 57 82 8 3 3 5 13 57 82 8 3
5 13 27 82 3 5 13 57 82 8 3 3 5 13 57 82 8 3 3 5 13 57 82 8 3 3 5 13 57 82 8 3 3 5 13 57 82 8 3
5 13 27 82 3 5 13 57 82 8 3 3 5 13 57 82 8 3 3 5 13 57 82 8 3 3 5 13 57 82 8 3 3 5 13 57 82 8 3
5 13 57 82 8 3 3 5 13 57 82 8 3 3 5 13 57 82 8 3 3 5 13 57 82 8 3 3 5 13 57 82 8 3 3 5 13 57 82 8 3
5 13 57 82 3 5 13 57 82 8 3 3 5 13 57 82 8 3 3 5 13 57 82 8 3 3 5 13 57 82 8 3 3 5 13 57 82 8 3
5 504 13 57 3 3 5 13 57 82 8 3 3 5 13 57 82 8 3 3 5 13 57 82 8 3 3 5 13 57 82 8 3 3 5 13 57 82 8 3
5 504 13 57 3 3 5 13 57 82 8 3 3 5 13 57 82 8 3 3 5 13 57 82 8 3 3 5 13 57 82 8 3 3 5 13 57 82 8 3
5 77 28 3 5 13 57 82 8 3 3 5 13 57 82 8 3 3 5 13 57 82 8 3 3 5 13 57 82 8 3 3 5 13 57 82 8 3
5 77 28 3 5 13 57 82 8 3 3 5 13 57 82 8 3 3 5 13 57 82 8 3 3 5 13 57 82 8 3 3 5 13 57 82 8 3
5 13 27 82 3 5 13 57 82 8 3 3 5 13 57 82 8 3 3 5 13 57 82 8 3 3 5 13 57 82 8 3 3 5 13 57 82 8 3
5 13 27 82 3 5 13 57 82 8 3 3 5 13 57 82 8 3 3 5 13 57 82 8 3 3 5 13 57 82 8 3 3 5 13 57 82 8 3
5 13 57 82 8 3 3 5 13 57 82 8 3 3 5 13 57 82 8 3 3 5 13 57 82 8 3 3 5 13 57 82 8 3 3 5 13 57 82 8 3
5 13 57 82 3 5 13 57 82 8 3 3 5 13 57 82 8 3 3 5 13 57 82 8 3 3 5 13 57 82 8 3 3 5 13 57 82 8 3
5 504 13 57 3 3 5 13 57 82 8 3 3 5 13 57 82 8 3 3 5 13 57 82 8 3 3 5 13 57 82 8 3 3 5 13 57 82 8 3
5 504 13 57 3 3 5 13 57 82 8 3 3 5 13 57 82 8 3 3 5 13 57 82 8 3 3 5 13 57 82 8 3 3 5 13 57 82 8 3
5 77 28 3 5 13 57 82 8 3 3 5 13 57 82 8 3 3 5 13 57 82 8 3 3 5 13 57 82 8 3 3 5 13 57 82 8 3
5 77 28 3 5 13 57 82 8 3 3 5 13 57 82 8 3 3 5 13 57 82 8 3 3 5 13 57 82 8 3 3 5 13 57 82 8 3
5 13 27 82 3 5 13 57 82 8 3 3 5 13 57 82 8 3 3 5 13 57 82 8 3 3 5 13 57 82 8 3 3 5 13 57 82 8 3
5 13 27 82 3 5 13 57 82 8 3 3 5 13 57 82 8 3 3 5 13 57 82 8 3 3 5 13 57 82 8 3 3 5 13 57 82 8 3
5 13 57 82 8 3 3 5 13 57 82 8 3 3 5 13 57 82 8 3 3 5 13 57 82 8 3 3 5 13 57 82 8 3 3 5 13 57 82 8 3
5 13 57 82 3 5 13 57 82 8 3 3 5 13 57 82 8 3 3 5 13 57 82 8 3 3 5 13 57 82 8 3 3 5 13 57 82 8 3
5 504 13 57 3 3 5 13 57 82 8 3 3 5 13 57 82 8 3 3 5 13 57 82 8 3 3 5 13 57 82 8 3 3 5 13 57 82 8 3
5 504 13 57 3 3 5 13 57 82 8 3 3 5 13 57 82 8 3 3 5 13 57 82 8 3 3 5 13 57 82 8 3 3 5 13 57 82 8 3
5 77 28 3 5 13 57 82 8 3 3 5 13 57 82 8 3 3 5 13 57 82 8 3 3 5 13 57 82 8 3 3 5 13 57 82 8 3
5 77 28 3 5 13 57 82 8 3 3 5 13 57 82 8 3 3 5 13 57 82 8 3 3 5 13 57 82 8 3 3 5 13 57 82 8 3
5 13 27 82 3 5 13 57 82 8 3 3 5 13 57 82 8 3 3 5 13 57 82 8 3 3 5 13 57 82 8 3 3 5 13 57 82 8 3
5 13 27 82 3 5 13 57 82 8 3 3 5 13 57 82 8 3 3 5 13 57 82 8 3 3 5 13 57 82 8 3 3 5 13 57 82 8 3
5 13 57 82 3 5 13 57 82 8 3 3 5 13 57 82 8 3 3 5 13 57 82 8 3 3 5 13 57 82 8 3 3 5 13 57 82 8 3
5 13 57 82 3 5 13 57 82 8 3 3 5 13 57 82 8 3 3 5 13 57 82 8 3 3 5 13 57 82 8 3 3 5 13 57 82 8 3
5 504 13 57 3 3 5 13 57 82 8 3 3 5 13 57 82 8 3 3 5 13 57 82 8 3 3 5 13 57 82 8 3 3 5 13 57 82 8 3
5 504 13 57 3 3 5 13 57 82 8 3 3 5 13 57 82 8 3 3 5 13 57 82 8 3 3 5 13 57 82 8 3 3 5 13 57 82 8 3
5 77 28 3 5 13 57 82 8 3 3 5 13 57 82 8 3 3 5 13 57 82 8 3 3 5 13 57 82 8 3 3 5 13 57 82 8 3
5 77 28 3 5 13 57 82 8 3 3 5 13 57 82 8 3 3 5 13 57 82 8 3 3 5 13 57 82 8 3 3 5 13 57 82 8 3
5 13 27 82 3 5 13 57 82 8 3 3 5 13 57 82 8 3 3 5 13 57 82 8 3 3 5 13 57 82 8 3 3 5 13 57 82 8 3
5 13 27 82 3 5 13 57 82 8 3 3 5 13 57 82 8 3 3 5 13 57 82 8 3 3 5 13 57 82 8 3 3 5 13 57 82 8 3
5 13 57 82 3 5 13 57 82 8 3 3 5 13 57 82 8 3 3 5 13 57 82 8 3 3 5 13 57 82 8 3 3 5 13 57 82 8 3
5 13 57 82 8 3 3 5 13 57 82 8 3 3 5 13 57 82 8 3 3 5 13 57 82 8 3 3 5 13 57 82 8 3 3 5 13 57 82 8 3
5 504 13 57 3 3 5 13 57 82 8 3 3 5 13 57 82 8 3 3 5 13 57 82 8 3 3 5 13 57 82 8 3 3 5 13 57 82 8 3
5 504 13 57 3 3 5 13 57 82 8 3 3 5 13 57 82 8 3 3 5 13 57 82 8 3 3 5 13 57 82 8 3 3 5 13 57 82 8 3
5 77 28 3 5 13 57 82 8 3 3 5 13 57 82 8 3 3 5 13 57 82 8 3 3 5 13 57 82 8 3 3 5 13 57 82 8 3
5 77 28 3 5 13 57 82 8 3 3 5 13 57 82 8 3 3 5 13 57 82 8 3 3 5 13 57 82 8 3 3 5 13 57 82 8 3
5 77 28 3 5 13 57 82 8 3 3 5 13 57 82 8 3 3 5 13 57 82 8 3 3 5 13 57 82 8 3 3 5 13 57 82 8 3
5 13 27 82 3 5 13 57 82 8 3 3 5 13 57 82 8 3 3 5 13 57 82 8 3 3 5 13 57 82 8 3 3 5 13 57 82 8 3
5 13 57 82 8 3 3 5 13 57 82 8 3 3 5 13 57 82 8 3 3 5 13 57 82 8 3 3 5 13 57 82 8 3 3 5 13 57 82 8 3
5 13 57 82 3 5 13 57 82 8 3 3 5 13 57 82 8 3 3 5 13 57 82 8 3 3 5 13 57 82 8 3 3 5 13 57 82 8 3
5 504 13 57 3 3 5 13 57 82 8 3 3 5 13 57 82 8 3 3 5 13 57 82 8 3 3 5 13 57 82 8 3 3 5 13 57 82 8 3
5 504 13 57 3 3 5 13 57 82 8 3 3 5 13 57 82 8 3 3 5 13 57 82 8 3 3 5 13 57 82 8 3 3 5 13 57 82 8 3
5 77 28 3 5 13 57 82 8 3 3 5 13 57 82 8 3 3 5 13 57 82 8 3 3 5 13 57 82 8 3 3 5 13 57 82 8 3
5 77 28 3 5 13 57 82 8 3 3 5 13 57 82 8 3 3 5 13 57 82 8 3 3 5 13 57 82 8 3 3 5 13 57 82 8 3
5 13 27 82 3 5 13 57 82 8 3 3 5 13 57 82 8 3 3 5 13 57 82 8 3 3 5 13 57 82 8 3 3 5 13 57 82 8 3
5 13 27 82 3 5 13 57 82 8 3 3 5 13 57 82 8 3 3 5 13 57 82 8 3 3 5 13 57 82 8 3 3 5 13 57 82 8 3
5 13 57 82 8 3 3 5 13 57 82 8 3 3 5 13 57 82 8 3 3 5 13 57 82 8 3 3 5 13 57 82 8 3 3 5 13 57 82 8 3
5 13 57 82 3 5 13 57 82 8 3 3 5 13 57 82 8 3 3 5 13 57 82 8 3 3 5 13 57 82 8 3 3 5 13 57 82 8 3
5 504 13 57 3 3 5 13 57 82 8 3 3 5 13 57 82 8 3 3 5 13 57 82 8 3 3 5 13 57 82 8 3 3 5 13 57 82 8 3
5 504 13 57 3 3 5 13 57 82 8 3 3 5 13 57 82 8 3 3 5 13 57 82 8 3 3 5 13 57 82 8 3 3 5 13 57 82 8 3
5 77 28 3 5 13 57 82 8 3 3 5 13 57 82 8 3 3 5 13 57 82 8 3 3 5 13 57 82 8 3 3 5 13 57 82 8 3
5 77 28 3 5 13 57 82 8 3 3 5 13 57 82 8 3 3 5 13 57 82 8 3 3 5 13 57 82 8 3 3 5 13 57 82 8 3
5 13 27 82 3 5 13 57 82 8 3 3 5 13 57 82 8 3 3 5 13 57 82 8 3 3 5 13 57 82 8 3 3 5 13 57 82 8 3
5 13 27 82 3 5 13 57 82 8 3 3 5 13 57 82 8 3 3 5 13 57 82 8 3 3 5 13 57 82 8 3 3 5 13 57 82 8 3
5 13 57 82 3 5 13 57 82 8 3 3 5 13 57 82 8 3 3 5 13 57 82 8 3 3 5 13 57 82 8 3 3 5 13 57 82 8 3
5 13 57 82 3 5 13 57 82 8 3 3 5 13 57 82 8 3 3 5 13 57 82 8 3 3 5 13 57 82 8 3 3 5 13 57 82 8 3
5 504 13 57 3 3 5 13 57 82 8 3 3 5 13 57 82 8 3 3 5 13 57 82 8 3 3 5 13 57 82 8 3 3 5 13 57 82 8 3
5 504 13 57 3 3 5 13 57 82 8 3 3 5 13 57 82 8 3 3 5 13 57 82 8 3 3 5 13 57 82 8 3 3 5 13 57 82 8 3
5 77 28 3 5 13 57 82 8 3 3 5 13 57 82 8 3 3 5 13 57 82 8 3 3 5 13 57 82 8 3 3 5 13 57 82 8 3
5 77 28 3 5 13 57 82 8 3 3 5 13 57 82 8 3 3 5 13 57 82 8 3 3 5 13 57 82 8 3 3 5 13 57 82 8 3
5 77 28 3 5 13 57 82 8 3 3 5 13 57 82 8 3 3 5 13 57 82 8 3 3 5 13 57 82 8 3 3 5 13 57 82 8 3
5 13 27 82 3 5 13 57 82 8 3 3 5 13 57 82 8 3 3 5 13 57 82 8 3 3 5 13 57 82 8 3 3 5 13 57 82 8 3
5 13 57 82 8 3 3 5 13 57 82 8 3 3 5 13 57 82 8 3 3 5 13 57 82 8 3 3 5 13 57 82 8 3 3 5 13 57 82 8 3
5 13 57 82 3 5 13 57 82 8 3 3 5 13 57 82 8 3 3 5 13 57 82 8 3 3 5 13 57 82 8 3 3 5 13 57 82 8 3
5 504 13 57 3 3 5 13 57 82 8 3 3 5 13 57 82 8 3 3 5 13 57 82 8 3 3 5 13 57 82 8 3 3 5 13 57 82 8 3
5 504 13 57 3 3 5 13 57 82 8 3 3 5 13 57 82 8 3 3 5 13 57 82 8 3 3 5 13 57 82 8 3 3 5 13 57 82 8 3
5 77 28 3 5 13 57 82 8 3 3 5 13 57 82 8 3 3 5 13 57 82 8 3 3 5 13 57 82 8 3 3 5 13 57 82 8 3
5 77 28 3 5 13 57 82 8 3 3 5 13 57 82 8 3 3 5 13 57 82 8 3 3 5 13 57 82 8 3 3 5 13 57 82 8 3
5 13 27 82 3 5 13 57 82 8 3 3 5 13 57 82 8 3 3 5 13 57 82 8 3 3 5 13 57 82 8 3 3 5 13 57 82 8 3
5 13 27 82 3 5 13 57 82 8 3 3 5 13 57 82 8 3 3 5 13 57 82 8 3 3 5 13 57 82 8 3 3 5 13 57 82 8 3
5 13 57 82 3 5 13 57 82 8 3 3 5 13 57 82 8 3 3 5 13 57 82 8 3 3 5 13 57 82 8 3 3 5 13 57 82 8 3
5 13 57 82 3 5 13 57 82 8 3 3 5 13 57 82 8 3 3 5 13 57 82 8 3 3 5 13 57 82 8 3 3 5 13 57 82 8 3
5 504 13 57 3 3 5 13 57 82 8 3 3 5 13 57 82 8 3 3 5 13 57 82 8 3 3 5 13 57 82 8 3 3 5 13 57 82 8 3
5 504 13 57 3 3 5 13 57 82 8 3 3 5 13 57 82 8 3 3 5 13 57 82 8 3 3 5 13 57 82 8 3 3 5 13 57 82 8 3
5 77 28 3 5 13 57 82 8 3 3 5 13 57 82 8 3 3 5 13 57 82 8 3 3 5 13 57 82 8 3 3 5 13 57 82 8 3
5 77 28 3 5 13 57 82 8 3 3 5 13 57 82 8 3 3 5 13 57 82 8 3 3 5 13 57 82 8 3 3 5 13 57 82 8 3
5 13 27 82 3 5 13 57 82 8 3 3 5 13 57 82 8 3 3 5 13 57 82 8 3 3 5 13 57 82 8 3 3 5 13 57 82 8 3
5 13 27 82 3 5 13 57 82 8 3 3 5 13 57 82 8 3 3 5 13 57 82 8 3 3 5 13 57 82 8 3 3 5 13 57 82 8 3
5 13 57 82 3 5 13 57 82 8 3 3 5 13 57 82 8 3 3 5 13 57 82 8 3 3 5 13 57 82 8 3 3 5 13 57 82 8 3
5 13 57 82 3 5 13 57 82 8 3 3 5 13 57 82 8 3 3 5 13 57 82 8 3 3 5 13 57 82 8 3 3 5 13 57 82 8 3
5 504 13 57 3 3 5 13 57 82 8 3 3 5 13 57 82 8 3 3 5 13 57 82 8 3 3 5 13 57 82 8 3 3 5 13 57 82 8 3
5 504 13 57 3 3 5 13 57 82 8 3 3 5 13 57 82 8 3 3 5 13 57 82 8 3 3 5 13 57 82 8 3 3 5 13 57 82 8 3
5 77 28 3 5 13 57 82 8 3 3 5 13 57 82 8 3 3 5 13 57 82 8 3 3 5 13 57 82 8 3 3 5 13 57 82 8 3
5 77 28 3 5 13 57 82 8 3 3 5 13 57 82 8 3 3 5 13 57 82 8 3 3 5 13 57 82 8 3 3 5 13 57 82 8 3
5 13 27 82 3 5 13 57 82 8 3 3 5 13 57 82 8 3 3 5 13 57 82 8 3 3 5 13 57 82 8 3 3 5 13 57 82 8 3
5 13 27 82 3 5 13 57 82 8 3 3 5 13 57 82 8 3 3 5 13 57 82 8 3 3 5 13 57 82 8 3 3 5 13 57 82 8 3
5 13 57 82 3 5 13 57 82 8 3 3 5 13 57 82 8 3 3 5 13 57 82 8 3 3 5 13 57 82 8 3 3 5 13 57 82 8 3
5 13 57 82 3 5 13 57 82 8 3 3 5 13 57 82 8 3 3 5 13 57 82 8 3 3 5 13 57 82 8 3 3 5 13 57 82 8 3
5 504 13 57 3 3 5 13 57 82 8 3 3 5 13 57 82 8 3 3 5 13 57 82 8 3 3 5 13 57 82 8 3 3 5 13 57 82 8 3
5 504 13 57 3 3 5 13 57 82 8 3 3 5 13 57 82 8 3 3 5 13 57 82 8 3 3 5 13 57 82 8 3 3 5 13 57 82 8 3
5 77 28 3 5 13 57 82 8 3 3 5 13 57 82 8 3 3 5 13 57 82 8 3 3 5 13 57 82 8 3 3 5 13 57 82 8 3
5 77 28 3 5 13 57 82 8 3 3 5 13 57 82 8 3 3 5 13 57 82 8 3 3 5 13 57 82 8 3 3 5 13 57 82 8 3
5 13 27 82 3 5 13 57 82 8 3 3 5 13 57 82 8 3 3 5 13 57 82 8 3 3 5 13 57 82 8 3 3 5 13 57 82 8 3
5 13 27 82 3 5 13 57 82 8 3 3 5 13 57 82 8 3 3 5 13 57 82 8 3 3 5 13 57 82 8 3 3 5 13 57 82 8 3
5 13 57 82 3 5 13 57 82 8 3 3 5 13 57 82 8 3 3 5 13 57 82 8 3 3 5 13 57 82 8 3 3 5 13 57 82 8 3
5 13 57 82 8 3 3 5 13 57 82 8 3 3 5 13 57 82 8 3 3 5 13 57 82 8 3 3 5 13 57 82 8 3 3 5 13 57 82 8 3
5 504 13 57 3 3 5 13 57 82 8 3 3 5 13 57 82 8 3 3 5 13 57 82 8 3 3 5 13 57 82 8 3 3 5 13 57 82 8 3
5 504 13 57 3 3 5 13 57 82 8 3 3 5 13 57 82 8 3 3 5 13 57 82 8 3 3 5 13 57 82 8 3 3 5 13 57 82 8 3
5 77 28 3 5 13 57 82 8 3 3 5 13 57 82 8 3 3 5 13 57 82 8 3 3 5 13 57 82 8 3 3 5 13 57 82 8 3
5 77 28 3 5 13 57 82 8 3 3 5 13 57 82 8 3 3 5 13 57 82 8 3 3 5 13 57 82 8 3 3 5 13 57 82 8 3
5 13 27 82 3 5 13 57 82 8 3 3 5 13 57 82 8 3 3 5 13 57 82 8 3 3 5 13 57 82 8 3 3 5 13 57 82 8 3
5 13 27 82 3 5 13 57 82 8 3 3 5 13 57 82 8 3 3 5 13 57 82 8 3 3 5 13 57 82 8 3 3 5 13 57 82 8 3
5 13 57 82 3 5 13 57 82 8 3 3 5 13 57 82 8 3 3 5 13 57 82 8 3 3 5 13 57 82 8 3 3 5 13 57 82 8 3
5 13 57 82 8 3 3 5 13 57 82 8 3 3 5 13 57 82 8 3 3 5 13 57 82 8 3 3 5 13 57 82 8 3 3 5 13 57 82 8 3
5 504 13 57 3 3 5 13 57 82 8 3 3 5 13 57 82 8 3 3 5 13 57 82 8 3 3 5 13 57 82 8 3 3 5 13 57 82 8 3
5 504 13 57 3 3 5 13 57 82 8 3 3 5 13 57 82 8 3 3 5 13 57 82 8 3 3 5 13 57 82 8 3 3 5 13 57 82 8 3
5 77 28 3 5 13 57 82 8 3 3 5 13 57 82 8 3 3 5 13 57 82 8 3 3 5 13 57 82 8 3 3 5 13 57 82 8 3
5 77 28 3 5 13 57 82 8 3 3 5 13 57 82 8 3 3 5 13 57 82 8 3 3 5 13 57 82 8 3 3 5 13 57 82 8 3
5 77 28 3 5 13 57 82 8 3 3 5 13 57 82 8 3 3 5 13 57 82 8 3 3 5 13 57 82 8 3 3 5 13 57 82 8 3
5 13 27 82 3 5 13 57 82 8 3 3 5 13 57 82 8 3 3 5 13 57 82 8 3 3 5 13 57 82 8 3 3 5 13 57 82 8 3
5 13 57 82 8 3 3 5 13 57 82 8 3 3 5 13 57 82 8 3 3 5 13 57 82 8 3 3 5 13 57 82 8 3 3 5 13 57 82 8 3
5 13 57 82 3 5 13 57 82 8 3 3 5 13 57 82 8 3 3 5 13 57 82 8 3 3 5 13 57 82 8 3 3 5 13 57 82 8 3
5 504 13 57 3 3 5 13 57 82 8 3 3 5 13 57 82 8 3 3 5 13 57 82 8 3 3 5 13 57 82 8 3 3 5 13 57 82 8 3
5 504 13 57 3 3 5 13 57 82 8 3 3 5 13 57 82 8 3 3 5 13 57 82 8 3 3 5 13 57 82 8 3 3 5 13 57 82 8 3
5 77 28 3 5 13 57 82 8 3 3 5 13 57 82 8 3 3 5 13 57 82 8 3 3 5 13 57 82 8 3 3 5 13 57 82 8 3
5 77 28 3 5 13 57 82 8 3 3 5 13 57 82 8 3 3 5 13 57 82 8 3 3 5 13 57 82 8 3 3 5 13 57 82 8 3
5 13 27 82 3 5 13 57 82 8 3 3 5 13 57 82 8 3 3 5 13 57 82 8 3 3 5 13 57 82 8 3 3 5 13 57 82 8 3
5 13 27 82 3 5 13 57 82 8 3 3 5 13 57 82 8 3 3 5 13 57 82 8 3 3 5 13 57 82 8 3 3 5 13 57 82 8 3
5 13 57 82 8 3 3 5 13 57 82 8 3 3 5 13 57 82 8 3 3 5 13 57 82 8 3 3 5 13 57 82 8 3 3 5 13 57 82 8 3
5 13 57 82 3 5 13 57 82 8 3 3 5 13 57 82 8 3 3 5 13 57 82 8 3 3 5 13 57 82 8 3 3 5 13 57 82 8 3
5 504 13 57 3 3 5 13 57 82 8 3 3 5 13 57 82 8 3 3 5 13 57 82 8 3 3 5 13 57 82 8 3 3 5 13 57 82 8 3
5 504 13 57 3 3 5 13 57 82 8 3 3 5 13 57 82 8 3 3 5 13 57 82 8 3 3 5 13 57 82 8 3 3 5 13 57 82 8 3
5 77 28 3 5 13 57 82 8 3 3 5 13 57 82 8 3 3 5 13 57 82 8 3 3 5 13 57 82 8 3 3 5 13 57 82 8 3
5 77 28 3 5 13 57 82 8 3 3 5 13 57 82 8 3 3 5 13 57 82 8 3 3 5 13 57 82 8 3 3 5 13 57 82 8 3
5 13 27 82 3 5 13 57 82 8 3 3 5 13 57 82 8 3 3 5 13 57 82 8 3 3 5 13 57 82 8 3 3 5 13 57 82 8 3
5 13 27 82 3 5 13 57 82 8 3 3 5 13 57 82 8 3 3 5 13 57 82 8 3 3 5 13 57 82 8 3 3 5 13 57 82 8 3
5 13 57 82 3 5 13 57 82 8 3 3 5 13 57 82 8 3 3 5 13 57 82 8 3 3 5 13 57 82 8 3 3 5 13 57 82 8 3
5 13 57 82 3 5 13 57 82 8 3 3 5 13 57 82 8 3 3 5 13 57 82 8 3 3 5 13 57 82 8 3 3 5 13 57 82 8 3
5 504 13 57 3 3 5 13 57 82 8 3 3 5 13 57 82 8 3 3 5 13 57 82 8 3 3 5 13 57 82 8 3 3 5 13 57 82 8 3
5 504 13 57 3 3 5 13 57 82 8 3 3 5 13 57 82 8 3 3 5 13 57 82 8 3 3 5 13 57 82 8 3 3 5 13 57 82 8 3
5 77 28 3 5 13 57 82 8 3 3 5 13 57 82 8 3 3 5 13 57 82 8 3 3 5 13 57 82 8 3 3 5 13 57 82 8 3
5 77 28 3 5 13 57 82 8 3 3 5 13 57 82 8 3 3 5 13 57 82 8 3 3 5 13 57 82 8 3 3 5 13 57 82 8 3
5 13 27 82 3 5 13 57 82 8 3 3 5 13 57 82 8 3 3 5 13 57 82 8 3 3 5 13 57 82 8 3 3 5 13 57 82 8 3
5 13 27 82 3 5 13 57 82 8 3 3 5 13 57 82 8 3 3 5 13 57 82 8 3 3 5 13 57 82 8 3 3 5 13 57 82 8 3
5 13 57 82 8 3 3 5 13 57 82 8 3 3 5 13 57 82 8 3 3 5 13 57 82 8 3 3 5 13 57 82 8 3 3 5 13 57 82 8 3
5 13 57 82 3 5 13 57 82 8 3 3 5 13 57 82 8 3 3 5 13 57 82 8 3 3 5 13 57 82 8 3 3 5 13 57 82 8 3
5 504 13 57 3 3 5 13 57 82 8 3 3 5 13 57 82 8 3 3 5 13 57 82 8 3 3 5 13 57 82 8 3 3 5 13 57 82 8 3
5 504 13 57 3 3 5 13 57 82 8 3 3 5 13 57 82 8 3 3 5 13 57 82 8 3 3 5 13 57 82 8 3 3 5 13 57 82 8 3
5 77 28 3 5 13 57 82 8 3 3 5 13 57 82 8 3 3 5 13 57 82 8 3 3 5 13 57 82 8 3 3 5 13 57 82 8 3
5 77 28 3 5 13 57 82 8 3 3 5 13 57 82 8 3 3 5 13 57 82 8 3 3 5 13 57 82 8 3 3 5 13 57 82 8 3
5 77 28 3 5 13 57 82 8 3 3 5 13 57 82 8 3 3 5 13 57 82 8 3 3 5 13 57 82 8 3 3 5 13 57 82 8 3
5 13 27 82 3 5 13 57 82 8 3 3 5 13 57 82 8 3 3 5 13 57 82 8 3 3 5 13 57 82 8 3 3 5 13 57 82 8 3
5 13 57 82 8 3 3 5 13 57 82 8 3 3 5 13 57 82 8 3 3 5 13 57 82 8 3 3 5 13 57 82 8 3 3 5 13 57 82 8 3
5 13 57 82 3 5 13 57 82 8 3 3 5 13 57 82 8 3 3 5 13 57 82 8 3 3 5 13 57 82 8 3 3 5 13 57 82 8 3
5 504 13 57 3 3 5 13 57 82 8 3 3 5 13 57 82 8 3 3 5 13 57 82 8 3 3 5 13 57 82 8 3 3 5 13 57 82 8 3
5 504 13 57 3 3 5 13 57 82 8 3 3 5 13 57 82 8 3 3 5 13 57 82 8 3 3 5 13 57 82 8 3 3 5 13 57 82 8 3
5 77 28 3 5 13 57 82 8 3 3 5 13 57 82 8 3 3 5 13 57 82 8 3 3 5 13 57 82 8 3 3 5 13 57 82 8 3
5 77 28 3 5 13 57 82 8 3 3 5 13 57 82 8 3 3 5 13 57 82 8 3 3 5 13 57 82 8 3 3 5 13 57 82 8 3
5 13 27 82 3 5 13 57 82 8 3 3 5 13 57 82 8 3 3 5 13 57 82 8 3 3 5 13 57 82 8 3 3 5 13 57 82 8 3
5 13 27 82 3 5 13 57 82 8 3 3 5 13 57 82 8 3 3 5 13 57 82 8 3 3 5 13 57 82 8 3 3 5 13 57 82 8 3
5 13 57 82 3 5 13 57 82 8 3 3 5 13 57 82 8 3 3 5 13 57 82 8 3 3 5 13 57 82 8 3 3 5 13 57 82 8 3
5 13 57 82 3 5 13 57 82 8 3 3 5 13 57 82 8 3 3 5 13 57 82 8 3 3 5 13 57 82 8 3 3 5 13 57 82 8 3
5 504 13 57 3 3 5 13 57 82 8 3 3 5 13 57 82 8 3 3 5 13 57 82 8 3 3 5 13 57 82 8 3 3 5 13 57 82 8 3
5 504 13 57 3 3 5 13 57 82 8 3 3 5 13 57 82 8 3 3 5 13 57 82 8 3 3 5 13 57 82 8 3 3 5 13 57 82 8 3
5 77 28 3 5 13 57 82 8 3 3 5 13 57 82 8 3 3 5 13 57 82 8 3 3 5 13 57 82 8 3 3 5 13 57 82 8 3
5 77 28 3 5 13 57 82 8 3 3 5 13 57 82 8 3 3 5 13 57 82 8 3 3 5 13 57 82 8 3 3 5 13 57 82 8 3
5 13 27 82 3 5 13 57 82 8 3 3 5 13 57 82 8 3 3 5 13 57 82 8 3 3 5 13 57 82 8 3 3 5 13 57 82 8 3
5 13 27 82 3 5 13 57 82 8 3 3 5 13 57 82 8 3 3 5 13 57 82 8 3 3 5 13 57 82 8 3 3 5 13 57 82 8 3
5 13 57 82 3 5 13 57 82 8 3 3 5 13 57 82 8 3 3 5 13 57 82 8 3 3 5 13 57 82 8 3 3 5 13 57 82 8 3
5 13 57 82 3 5 13 57 82 8 3 3 5 13 57 82 8 3 3 5 13 57 82 8 3 3 5 13 57 82 8 3 3 5 13 57 82 8 3
5 504 13 57 3 3 5 13 57 82 8 3 3 5 13 57 82 8 3 3 5 13 57 82 8 3 3 5 13 57 82 8 3 3 5 13 57 82 8 3
5 504 13 57 3 3 5 13 57 82 8 3 3 5 13 57 82 8 3 3 5 13 57 82 8 3 3 5 13 57 82 8 3 3 5 13 57 82 8 3
5 77 28 3 5 13 57 82 8 3 3 5 13 57 82 8 3 3 5 13 57 82 8 3 3 5 13 57 82 8 3 3 5 13 57 82 8 3
5 77 28 3 5 13 57 82 8 3 3 5 13 57 82 8 3 3 5 13 57 82 8 3 3 5 13 57 82 8 3 3 5 13 57 82 8 3
5 13 27 82 3 5 13 57 82 8 3 3 5 13 57 82 8 3 3 5 13 57 82 8 3 3 5 13 57 82 8 3 3 5 13 57 82 8 3
5 13 27 82 3 5 13 57 82 8 3 3 5 13 57 82 8 3 3 5 13 57 82 8 3 3 5 13 57 82 8 3 3 5 13 57 82 8 3
5 13 57 82 3 5 13 57 82 8 3 3 5 13 57 82 8 3 3 5 13 57 82 8 3 3 5 13 57 82 8 3 3 5 13 57 82 8 3
5 13 57 82 3 5 13 57 82 8 3 3 5 13 57 82 8 3 3 5 13 57 82 8 3 3 5 13 57 82 8 3 3 5 13 57 82 8 3
5 504 13 57 3 3 5 13 57 82 8 3 3 5 13 57 82 8 3 3 5 13 57 82 8 3 3 5 13 57 82 8 3 3 5 13 57 82 8 3
5 504 13 57 3 3 5 13 57 82 8 3 3 5 13 57 82 8 3 3 5 13 57 82 8 3 3 5 13 57 82 8 3 3 5 13 57 82 8 3
5 77 28 3 5 13 57 82 8 3 3 5 13 57 82 8 3 3 5 13 57 82 8 3 3 5 13 57 82 8 3 3 5 13 57 82 8 3
5 77 28 3 5 13 57 82 8 3 3 5 13 57 82 8 3 3 5 13 57 82 8 3 3 5 13 57 82 8 3 3 5 13 57 82 8 3
5 13 27 82 3 5 13 57 82 8 3 3 5 13 57 82 8 3 3 5 13 57 82 8 3 3 5 13 57 82 8 3 3 5 13 57 82 8 3
5 13 27 82 3 5 13 57 82 8 3 3 5 13 57 82 8 3 3 5 13 57 82 8 3 3 5 13 57 82 8 3 3 5 13 57 82 8 3
5 13 57 82 8 3 3 5 13 57 82 8 3 3 5 13 57 82 8 3 3 5 13 57 82 8 3 3 5 13 57 82 8 3 3 5 13 57 82 8 3
5 13 57 82 3 5 13 57 82 8 3 3 5 13 57 82 8 3 3 5 13 57 82 8 3 3 5 13 57 82 8 3 3 5 13 57 82 8 3
5 504 13 57 3 3 5 13 57 82 8 3 3 5 13 57 82 8 3 3 5 13 57 82 8 3 3 5 13 57 82 8 3 3 5 13 57 82 8 3
5 504 13 57 3 3 5 13 57 82 8 3 3 5 13 57 82 8 3 3 5 13 57 82 8 3 3 5 13 57 82 8 3 3 5 13 57 82 8 3
5 77 28 3 5 13 57 82 8 3 3 5 13 57 82 8 3 3 5 13 57 82 8 3 3 5 13 57 82 8 3 3 5 13 57 82 8 3
5 77 28 3 5 13 57 82 8 3 3 5 13 57 82 8 3 3 5 13 57 82 8 3 3 5 13 57 82 8 3 3 5 13 57 82 8 3
5 13 27 82 3 5 13 57 82 8 3 3 5 13 57 82 8 3 3 5 13 57 82 8 3 3 5 13 57 82 8 3 3 5 13 57 82 8 3
5 13 27 82 3 5 13 57 82 8 3 3 5 13 57 82 8 3 3 5 13 57 82 8 3 3 5 13 57 82 8 3 3 5 13 57 82 8 3
5 13 57 82 3 5 13 57 82 8 3 3 5 13 57 82 8 3 3 5 13 57 82 8 3 3 5 13 57 82 8 3 3 5 13 57 82 8 3
5 13 57 82 3 5 13 57 82 8 3 3 5 13 57 82 8 3 3 5 13 57 82 8 3 3 5 13 57 82 8 3 3 5 13 57 82 8 3
5 504 13 57 3 3 5 13 57 82 8 3 3 5 13 57 82 8 3 3 5 13 57 82 8 3 3 5 13 57 82 8 3 3 5 13 57 82 8 3
5 504 13 57 3 3 5 13 57 82 8 3 3 5 13 57 82 8 3 3 5 13 57 82 8 3 3 5 13 57 82 8 3 3 5 13 57 82 8 3
5 77 28 3 5 13 57 82 8 3 3 5 13 57 82 8 3 3 5 13 57 82 8 3 3 5 13 57 82 8 3 3 5 13 57 82 8 3
5 77 28 3 5 13 57 82 8 3 3 5 13 57 82 8 3 3 5 13 57 82 8 3 3 5 13 57 82 8 3 3 5 13 57 82 8 3
5 13 27 82 3 5 13 57 82 8 3 3 5 13 57 82 8 3 3 5 13 57 82 8 3 3 5 13 57 82 8 3 3 5 13 57 82 8 3
5 13 27 82 3 5 13 57 82 8 3 3 5 13 57 82 8 3 3 5 13 57 82 8 3 3 5 13 57 82 8 3 3 5 13 57 82 8 3
5 13 57 82 3 5 13 57 82 8 3 3 5 13 57 82 8 3 3 5 13 57 82 8 3 3 5 13 57 82 8 3 3 5 13 57 82 8 3
5 13 57 82 8 3 3 5 13 57 82 8 3 3 5 13 57 82 8 3 3 5 13 57 82 8 3 3 5 13 57 82 8 3 3 5 13 57 82 8 3
5 504 13 57 3 3 5 13 57 82 8 3 3 5 13 57 82 8 3 3 5 13 57 82 8 3 3 5 13 57 82 8 3 3 5 13 57 82 8 3
5 504 13 57 3 3 5 13 57 82 8 3 3 5 13 57 82 8 3 3 5 13 57 82 8 3 3 5 13 57 82 8 3 3 5 13 57 82 8 3
5 77 28 3 5 13 57 82 8 3 3 5 13 57 82 8 3 3 5 13 57 82 8 3 3 5 13 57 82 8 3 3 5 13 57 82 8 3
5 77 28 3 5 13 57 82 8 3 3 5 13 57 82 8 3 3 5 13 57 82 8 3 3 5 13 57 82 8 3 3 5 13 57 82 8 3
5 13 27 82 3 5 13 57 82 8 3 3 5 13 57 82 8 3 3 5 13 57 82 8 3 3 5 13 57 82 8 3 3 5 13 57 82 8 3
5 13 27 82 3 5 13 57 82 8 3 3 5 13 57 82 8 3 3 5 13 57 82 8 3 3 5 13 57 82 8 3 3 5 13 57 82 8 3
5 13 57 82 8 3 3 5 13 57 82 8 3 3 5 13 57 82 8 3 3 5 13 57 82 8 3 3 5 13 57 82 8 3 3 5 13 57 82 8 3
5 13 57 82 3 5 13 57 82 8 3 3 5 13 57 82 8 3 3 5 13 57 82 8 3 3 5 13 57 82 8 3 3 5 13 57 82 8 3
5 504 13 57 3 3 5 13 57 82 8 3 3 5 13 57 82 8 3 3 5 13 57 82 8 3 3 5 13 57 82 8 3 3 5 13 57 82 8 3
5 504 13 57 3 3 5 13 57 82 8 3 3 5 13 57 82 8 3 3 5 13 57 82 8 3 3 5 13 57 82 8 3 3 5 13 57 82 8 3
5 77 28 3 5 13 57 82 8 3 3 5 13 57 82 8 3 3 5 13 57 82 8 3 3 5 13 57 82 8 3 3 5 13 57 82 8 3
5 77 28 3 5 13 57 82 8 3 3 5 13 57 82 8 3 3 5 13 57 82 8 3 3 5 13 57 82 8 3 3 5 13 57 82 8 3
5 13 27 82 3 5 13 57 82 8 3 3 5 13 57 82 8 3 3 5 13 57 82 8 3 3 5 13 57 82 8 3 3 5 13 57 82 8 3
5 13 27 82 3 5 13 57 82 8 3 3 5 13 57 82 8 3 3 5 13 57 82 8 3 3 5 13 57 82 8 3 3 5 13 57 82 8 3
5 13 57 82 8 3 3 5 13 57 82 8 3 3 5 13 57 82 8 3 3 5 13 57 82 8 3 3 5 13 57 82 8 3 3 5 13 57 82 8 3
5 13 57 82 3 5 13 57 82 8 3 3 5 13 57 82 8 3 3 5 13 57 82 8 3 3 5 13 57 82 8 3 3 5 13 57 82 8 3
5 504 13 57 3 3 5 13 57 82 8 3 3 5 13 57 82 8 3 3 5 13 57 82 8 3 3 5 13 57 82 8 3 3 5 13 57 82 8 3
5 504 13 57 3 3 5 13 57 82 8 3 3 5 13 57 82 8 3 3 5 13 57 82 8 3 3 5 13 57 82 8 3 3 5 13 57 82 8 3
5 77 28 3 5 13 57 82 8 3 3 5 13 57 82 8 3 3 5 13 57 82 8 3 3 5 13 57 82 8 3 3 5 13 57 82 8 3
5 77 28 3 5 13 57 82 8 3 3 5 13 57 82 8 3 3 5 13 57 82 8 3 3 5 13 57 82 8 3 3 5 13 57 82 8 3
5 13 27 82 3 5 13 57 82 8 3 3 5 13 57 82 8 3 3 5 13 57 82 8 3 3 5 13 57 82 8 3 3 5 13 57 82 8 3
5 13 27 82 3 5 13 57 82 8 3 3 5 13 57 82 8 3 3 5 13 57 82 8 3 3 5 13 57 82 8 3 3 5 13 57 82 8 3
5 13 57 82 8 3 3 5 13 57 82 8 3 3 5 13 57 82 8 3 3 5 13 57 82 8 3 3 5 13 57 82 8 3 3 5 13 57 82 8 3
5 13 57 82 3 5 13 57 82 8 3 3 5 13 57 82 8 3 3 5 13 57 82 8 3 3 5 13 57 82 8 3 3 5 13 57 82 8 3
5 504 13 57 3 3 5 13 57 82 8 3 3 5 13 57 82 8 3 3 5 13 57 82 8 3 3 5 13 57 82 8 3 3 5 13 57 82 8 3
5 504 13 57 3 3 5 13 57 82 8 3 3 5 13 57 82 8 3 3 5 13 57 82 8 3 3 5 13 57 82 8 3 3 5 13 57 82 8 3
5 77 28 3 5 13 57 82 8 3 3 5 13 57 82 8 3 3 5 13 57 82 8 3 3 5 13 57 82 8 3 3 5 13 57 82 8 3
5 77 28 3 5 13 57 82 8 3 3 5 13 57 82 8 3 3 5 13 57 82 8 3 3 5 13 57 82 8 3 3 5 13 57 82 8 3
5 13 27 82 3 5 13 57 82 8 3 3 5 13 57 82 8 3 3 5 13 57 82 8 3 3 5 13 57 82 8 3 3 5 13 57 82 8 3
5 13 27 82 3 5 13 57 82 8 3 3 5 13 57 82 8 3 3 5 13 57 82 8 3 3 5 13 57 82 8 3 3 5 13 57 82 8 3
5 13 57 82 3 5 13 57 82 8 3 3 5 13 57 82 8 3 3 5 13 57 82 8 3 3 5 13 57 82 8 3 3 5 13 57 82 8 3
5 13 57 82 3 5 13 57 82 8 3 3 5 13 57 82 8 3 3 5 13 57 82 8 3 3 5 13 57 82 8 3 3 5 13 57 82 8 3
5 504 13 57 3 3 5 13 57 82 8 3 3 5 13 57 82 8 3 3 5 13 57 82 8 3 3 5 13 57 82 8 3 3 5 13 57 82 8 3
5 504 13 57 3 3 5 13 57 82 8 3 3 5 13 57 82 8 3 3 5 13 57 82 8 3 3 5 13 57 82 8 3 3 5 13 57 82 8 3
5 77 28 3 5 13 57 82 8 3 3 5 13 57 82 8 3 3 5 13 57 82 8 3 3 5 13 57 82 8 3 3 5 13 57 82 8 3
5 77 28 3 5 13 57 82 8 3 3 5 13 57 82 8 3 3 5 13 57 82 8 3 3 5 13 57 82 8 3 3 5 13 57 82 8 3
5 13 27 82 3 5 13 57 82 8 3 3 5 13 57 82 8 3 3 5 13 57 82 8 3 3 5 13 57 82 8 3 3 5 13 57 82 8 3
5 13 27 82 3 5 13 57 82 8 3 3 5 13 57 82 8 3 3 5 13 57 82 8 3 3 5 13 57 82 8 3 3 5 13 57 82 8 3
5 13 57 82 3 5 13 57 82 8 3 3 5 13 57 82 8 3 3 5 13 57 82 8 3 3 5 13 57 82 8 3 3 5 13 57 82 8 3
5 13 57 82 3 5 13 57 82 8 3 3 5 13 57 82 8 3 3 5 13 57 82 8 3 3 5 13 57 82 8 3 3 5 13 57 82 8 3
5 504 13 57 3 3 5 13 57 82 8 3 3 5 13 57 82 8 3 3 5 13 57 82 8 3 3 5 13 57 82 8 3 3 5 13 57 82 8 3
5 504 13 57 3 3 5 13 57 82 8 3 3 5 13 57 82 8 3 3 5 13 57 82 8 3 3 5 13 57 82 8 3 3 5 13 57 82 8 3
5 77 28 3 5 13 57 82 8 3 3 5 13 57 82 8 3 3 5 13 57 82 8 3 3 5 13 57 82 8 3 3 5 13 57 82 8 3
5 77 28 3 5 13 57 82 8 3 3 5 13 57 82 8 3 3 5 13 57 82 8 3 3 5 13 57 82 8 3 3 5 13 57 82 8 3
5 13 27 82 3 5 13 57 82 8 3 3 5 13 57 82 8 3 3 5 13 57 82 8 3 3 5 13 57 82 8 3 3 5 13 57 82 8 3
5 13 27 82 3 5 13 57 82 8 3 3 5 13 57 82 8 3 3 5 13 57 82 8 3 3 5 13 57 82 8 3 3 5 13 57 82 8 3
5 13 57 82 3 5 13 57 82 8 3 3 5 13 57 82 8 3 3 5 13 57 82 8 3 3 5 13 57 82 8 3 3 5 13 57 82 8 3
5 13 57 82 8 3 3 5 13 57 82 8 3 3 5 13 57 82 8 3 3 5 13 57 82 8 3 3 5 13 57 82 8 3 3 5 13 57 82 8 3
5 504 13 57 3 3 5 13 57 82 8 3 3 5 13 57 82 8 3 3 5 13 57 82 8 3 3 5 13 57 82 8 3 3 5 13 57 82 8 3
5 504 13 57 3 3 5 13 57 82 8 3 3 5 13 57 82 8 3 3 5 13 57 82 8 3 3 5 13 57 82 8 3 3 5 13 57 82 8 3
5 77 28 3 5 13 57 82 8 3 3 5 13 57 82 8 3 3 5 13 57 82 8 3 3 5 13 57 82 8 3 3 5 13 57 82 8 3
5 77 28 3 5 13 57 82 8 3 3 5 13 57 82 8 3 3 5 13 57 82 8 3 3 5 13 57 82 8 3 3 5 13 57 82 8 3
5 13 27 82 3 5 13 57 82 8 3 3 5 13 57 82 8 3 3 5 13 57 82 8 3 3 5 13 57 82 8 3 3 5 13 57 82 8 3
5 13 27 82 3 5 13 57 82 8 3 3 5 13 57 82 8 3 3 5 13 57 82 8 3 3 5 13 57 82 8 3 3 5 13 57 82 8 3
5 13 57 82 3 5 13 57 82 8 3 3 5 13 57 82 8 3 3 5 13 57 82 8 3 3 5 13 57 82 8 3 3 5 13 57 82 8 3
5 13 57 82 3 5 13 57 82 8 3 3 5 13 57 82 8 3 3 5 13 57 82 8 3 3 5 13 57 82 8 3 3 5 13 57 82 8 3
5 504 13 57 3 3 5 13 57 82 8 3 3 5 13 57 82 8 3 3 5 13 57 82 8 3 3 5 13 57 82 8 3 3 5 13 57 82 8 3
5 504 13 57 3 3 5 13 57 82 8 3 3 5 13 57 82 8 3 3 5 13 57 82 8 3 3 5 13 57 82 8 3 3 5 13 57 82 8 3
5 77 28 3 5 13 57 82 8 3 3 5 13 57 82 8 3 3 5 13 57 82 8 3 3 5 13 57 82 8 3 3 5 13 57 82 8 3
5 77 28 3 5 13 57 82 8 3 3 5 13 57 82 8 3 3 5 13 57 82 8 3 3 5 13 57 82 8 3 3 5 13 57 82 8 3
5 13 27 82 3 5 13 57 82 8 3 3 5 13 57 82 8 3 3 5 13 57 82 8 3 3 5 13 57 82 8 3 3 5 13 57 82 8 3
5 13 27 82 3 5 13 57 82 8 3 3 5 13 57 82 8 3 3 5 13 57 82 8 3 3 5 13 57 82 8 3 3 5 13 57 82 8 3
5 13 27 33 3 5 13 57 82 8 3 3 5 13 57 82 8 3 3 5 13 57 82 8 3 3 5 13 57 82 8 3 3 5 13 57 82 8 3
5 13 57 82 3 5 13 57 82 8 3 3 5 13 57 82 8 3 3 5 13 57 82 8 3 3 5 13 57 82 8 3 3 5 13 57 82 8 3
5 504 13 57 3 3 5 13 57 82 8 3 3 5 13 57 82 8 3 3 5 13 57 82 8 3 3 5 13 57 82 8 3 3 5 13 57 82 8 3
5 504 13 57 3 3 5 13 57 82 8 3 3 5 13 57 82 8 3 3 5 13 57 82 8 3 3 5 13 57 82 8 3 3 5 13 57 82 8 3
5 77 28 3 5 13 57 82 8 3 3 5 13 57 82 8 3 3 5 13 57 82 8 3 3 5 13 57 82 8 3 3 5 13 57 82 8 3
5 77 28 3 5 13 57 82 8 3 3 5 13 57 82 8 3 3 5 13 57 82 8 3 3 5 13 57 82 8 3 3 5 13 57 82 8 3
5 13 27 82 3 5 13 57 82 8 3 3 5 13 57 82 8 3 3 5 13 57 82 8 3 3 5 13 57 82 8 3 3 5 13 57 82 8 3
5 13 27 82 3 5 13 57 82 8 3 3 5 13 57 82 8 3 3 5 13 57 82 8 3 3 5 13 57 82 8 3 3 5 13 57 82 8 3
5 13 27 33 3 5 13 57 82 8 3 3 5 13 57 82 8 3 3 5 13 57 82 8 3 3 5 13 57 82 8 3 3 5 13 57 82 8 3
5 504 13 57 3 3 5 13 57 82 8 3 3 5 13 57 82 8 3 3 5 13 57 82 8 3 3 5 13 57 82 8 3 3 5 13 57 82 8 3
5 504 13 57 3 3 5 13 57 82 8 3 3 5 13 57 82 8 3 3 5 13 57 82 8 3 3 5 13 57 82 8 3 3 5 13 57 82 8 3
5 504 13 57 3 3 5 13 57 82 8 3 3 5 13 57 82 8 3 3 5 13 57 82 8 3 3 5 13 57 82 8 3 3 5 13 57 82 8 3
5 77 28 3 5 13 57 82 8 3 3 5 13 57 82 8 3 3 5 13 57 82 8 3 3 5 13 57 82 8 3 3 5 13 57 82 8 3
5 77 28 3 5 13 57 82 8 3 3 5 13 57 82 8 3 3 5 13 57 82 8 3 3 5 13 57 82 8 3 3 5 13 57 82 8 3
5 13 27 82 3 5 13 57 82 8 3 3 5 13 57 82 8 3 3 5 13 57 82 8 3 3 5 13 57 82 8 3 3 5 13 57 82 8 3
5 13 27 82 3 5 13 57 82 8 3 3 5 13 57 82 8 3 3 5 13 57 82 8 3 3 5 13 57 82 8 3 3 5 13 57 82 8 3
5 13 27 33 3 3 5 13 57 82 8 3 3 5 13 57 82 8 3 3 5 13 57 82 8 3 3 5 13 57 82 8 3 3 5 13 57 82 8 3
5 13 57 82 3 5 13 57 82 8 3 3 5 13 57 82 8 3 3 5 13 57 82 8 3 3 5 13 57 82 8 3 3 5 13 57 82 8 3
5 504 13 57 3 3 5 13 57 82 8 3 3 5 13 57 82 8 3 3 5 13 57 82 8 3 3 5 13 57 82 8 3 3 5 13 57 82 8 3
5 504 13 57 3 3 5 13 57 82 8 3 3 5 13 57 82 8 3 3 5 13 57 82 8 3 3 5 13 57 82 8 3 3 5 13 57 82 8 3
5 77 28 3 5 13 57 82 8 3 3 5 13 57 82 8 3 3 5 13 57 82 8 3 3 5 13 57 82 8 3 3 5 13 57 82 8 3
5 77 28 3 5 13 57 82 8 3 3 5 13 57 82 8 3 3 5 13 57 82 8 3 3 5 13 57 82 8 3 3 5 13 57 82 8 3
5 13 27 82 3 5 13 57 82 8 3 3 5 13 57 82 8 3 3 5 13 57 82 8 3 3 5 13 57 82 8 3 3 5 13 57 82 8 3
5 13 27 82 3 5 13 57 82 8 3 3 5 13 57 82 8 3 3 5 13 57 82 8 3 3 5 13 57 82 8 3 3 5 13 57 82 8 3
5 13 57 82 8 3 3 5 13 57 82 8 3 3 5 13 57 82 8 3 3 5 13 57 82 8 3 3 5 13 57 82 8 3 3 5 13 57 82 8 3
5 13 57 82 3 5 13 57 82 8 3 3 5 13 57 82 8 3 3 5 13 57 82 8 3 3 5 13 57 82 8 3 3 5 13 57 82 8 3
5 504 13 57 3 3 5 13 57 82 8 3 3 5 13 57 82 8 3 3 5 13 57 82 8 3 3 5 13 57 82 8 3 3 5 13 57 82 8 3
5 504 13 57 3 3 5 13 57 82 8 3 3 5 13 57 82 8 3 3 5 13 57 82 8 3 3 5 13 57 82 8 3 3 5 13 57 82 8 3
5 77 28 3 5 13 57 82 8 3 3 5 13 57 82 8 3 3 5 13 57 82 8 3 3 5 13 57 82 8 3 3 5 13 57 82 8 3
5 77 28 3 5 13 57 82 8 3 3 5 13 57 82 8 3 3 5 13 57 82 8 3 3 5 13 57 82 8 3 3 5 13 57 82 8 3
5 13 27 82 3 5 13 57 82 8 3 3 5 13 57 82 8 3 3 5 13 57 82 8 3 3 5 13 57 82 8 3 3 5 13 57 82 8 3
5 13 27 82 3 5 13 57 82 8 3 3 5 13 57 82 8 3 3 5 13 57 82 8 3 3 5 13 57 82 8 3 3 5 13 57 82 8 3
5 13 57 82 3 5 13 57 82 8 3 3 5 13 57 82 8 3 3 5 13 57 82 8 3 3 5 13 57 82 8 3 3 5 13 57 82 8 3
5 13 57 82 3 5 13 57 82 8 3 3 5 13 57 82 8 3 3 5 13 57 82 8 3 3 5 13 57 82 8 3 3 5 13 57 82 8 3
5 504 13 57 3 3 5 13 57 82 8 3 3 5 13 57 82 8 3 3 5 13 57 82 8 3 3 5 13 57 82 8 3 3 5 13 57 82 8 3
5 504 13 57 3 3 5 13 57 82 8 3 3 5 13 57 82 8 3 3 5 13 57 82 8 3 3 5 13 57 82 8 3 3 5 13 57 82 8 3
5 77 28 3 5 13 57 82 8 3 3 5 13 57 82 8 3 3 5 13 57 82 8 3 3 5 13 57 82 8 3 3 5 13 57 82 8 3
5 77 28 3 5 13 57 82 8 3 3 5 13 57 82 8 3 3 5 13 57 82 8 3 3 5 13 57 82 8 3 3 5 13 57 82 8 3
5 13 27 82 3 5 13 57 82 8 3 3 5 13 57 82 8 3 3 5 13 57 82 8 3 3 5 13 57 82 8 3 3 5 13 57 82 8 3
5 13 27 82 3 5 13 57 82 8 3 3 5 13 57 82 8 3 3 5 13 57 82 8 3 3 5 13 57 82 8 3 3 5 13 57 82 8 3
5 13 57 82 8 3 3 5 13 57 82 8 3 3 5 13 57 82 8 3 3 5 13 57 82 8 3 3 5 13 57 82 8 3 3 5 13 57 82 8 3
5 13 57 82 3 5 13 57 82 8 3 3 5 13 57 82 8 3 3 5 13 57 82 8 3 3 5 13 57 82 8 3 3 5 13 57 82 8 3
5 504 13 57 3 3 5 13 57 82 8 3 3 5 13 57 82 8 3 3 5 13 57 82 8 3 3 5 13 57 82 8 3 3 5 13 57 82 8 3
5 504 13 57 3 3 5 13 57 82 8 3 3 5 13 57 82 8 3 3 5 13 57 82 8 3 3 5 13 57 82 8 3 3 5 13 57 82 8 3
5 77 28 3 5 13 57 82 8 3 3 5 13 57 82 8 3 3 5 13 57 82 8 3 3 5 13 57 82 8 3 3 5 13 57 82 8 3
5 77 28 3 5 13 57 82 8 3 3 5 13 57 82 8 3 3 5 13 57 82 8 3 3 5 13 57 82 8 3 3 5 13 57 82 8 3
5 13 27 82 3 5 13 57 82 8 3 3 5 13 57 82 8 3 3 5 13 57 82 8 3 3 5 13 57 82 8 3 3 5 13 57 82 8 3
5 13 27 82 3 5 13 57 82 8 3 3 5 13 57 82 8 3 3 5 13 57 82 8 3 3 5 13 57 82 8 3 3 5 13 57 82 8 3
5 13 57 82 3 5 13 57 82 8 3 3 5 13 57 82 8 3 3 5 13 57 82 8 3 3 5 13 57 82 8 3 3 5 13 57 82 8 3
5 13 57 82 3 5 13 57 82 8 3 3 5 13 57 82 8 3 3 5 13 57 82 8 3 3 5 13 57 82 8 3 3 5 13 57 82 8 3
5 504 13 57 3 3 5 13 57 82 8 3 3 5 13 57 82 8 3 3 5 13 57 82 8 3 3 5 13 57 82 8 3 3 5 13 57 82 8 3
5 504 13 57 3 3 5 13 57 82 8 3 3 5 13 57 82 8 3 3 5 13 57 82 8 3 3 5 13 57 82 8 3 3 5 13 57 82 8 3
5 77 28 3 5 13 57 82 8 3 3 5 13 57 82 8 3 3 5 13 57 82 8 3 3 5 13 57 82 8 3 3 5 13 57 82 8 3
5 77 28 3 5 13 57 82 8 3 3 5 13 57 82 8 3 3 5 13 57 82 8 3 3 5 13 57 82 8 3 3 5 13 57 82 8 3
5 13 27 82 3 5 13 57 82 8 3 3 5 13 57 82 8 3 3 5 13 57 82 8 3 3 5 13 57 82 8 3 3 5 13 57 82 8 3
5 13 27 82 3 5 13 57 82 8 3 3 5 13 57 82 8 3 3 5 13 57 82 8 3 3 5 13 57 82 8 3 3 5 13 57 82 8 3
5 13 57 82 8 3 3 5 13 57 82 8 3 3 5 13 57 82 8 3 3 5 13 57 82 8 3 3 5 13 57 82 8 3 3 5 13 57 82 8 3
5 13 57 82 3 5 13 57 82 8 3 3 5 13 57 82 8 3 3 5 13 57 82 8 3 3 5 13 57 82 8 3 3 5 13 57 82 8 3
5 504 13 57 3 3 5 13 57 82 8 3 3 5 13 57 82 8 3 3 5 13 57 82 8 3 3 5 13 57 82 8 3 3 5 13 57 82 8 3
5 504 13 57 3 3 5 13 57 82 8 3 3 5 13 57 82 8 3 3 5 13 57 82 8 3 3 5 13 57 82 8 3 3 5 13 57 82 8 3
5 77 28 3 5 13 57 82 8 3 3 5 13 57 82 8 3 3 5 13 57 82 8 3 3 5 13 57 82 8 3 3 5 13 57 82 8 3
5 77 28 3 5 13 57 82 8 3 3 5 13 57 82 8 3 3 5 13 57 82 8 3 3 5 13 57 82 8 3 3 5 13 57 82 8 3
5 13 27 82 3 5 13 57 82 8 3 3 5 13 57 82 8 3 3 5 13 57 82 8 3 3 5 13 57 82 8 3 3 5 13 57 82 8 3
5 13 27 82 3 5 13 57 82 8 3 3 5 13 57 82 8 3 3 5 13 57 82 8 3 3 5 13 57 82 8 3 3 5 13 57 82 8 3
5 13 27 33 3 3 5 13 57 82 8 3 3 5 13 57 82 8 3 3 5 13 57 82 8 3 3 5 13 57 82 8 3 3 5 13 57 82 8 3
5 13 57 82 3 5 13 57 82 8 3 3 5 13 57 82 8 3 3 5 13 57 82 8 3 3 5 13 57 82 8 3 3 5 13 57 82 8 3
5 504 13 57 3 3 5 13 57 82 8 3 3 5 13 57 82 8 3 3 5 13 57 82 8 3 3 5 13 57 82 8 3 3 5 13 57 82 8 3
5 504 13 57 3 3 5 13 57 82 8 3 3 5 13 57 82 8 3 3 5 13 57 82 8 3 3 5 13 57 82 8 3 3 5 13 57 82 8 3
5 77 28 3 5 13 57 82 8 3 3 5 13 57 82 8 3 3 5 13 57 82 8 3 3 5 13 57 82 8 3 3 5 13 57 82 8 3
5 77 28 3 5 13 57 82 8 3 3 5 13 57 82 8 3 3 5 13 57 82 8 3 3 5 13 57 82 8 3 3 5 13 57 82 8 3
5 13 27 82 3 5 13 57 82 8 3 3 5 13 57 82 8 3 3 5 13 57 82 8 3 3 5 13 57 82 8 3 3 5 13 57 82 8 3
5 13 27 82 3 5 13 57 82 8 3 3 5 13 57 82 8 3 3 5 13 57 82 8 3 3 5 13 57 82 8 3 3 5 13 57 82 8 3
5 13 57 82 8 3 3 5 13 57 82 8 3 3 5 13 57 82 8 3 3 5 13 57 82 8 3 3 5 13 57 82 8 3 3 5 13 57 82 8 3
5 13 57 82 3 5 13 57 82 8 3 3 5 13 57 82 8 3 3 5 13 57 82 8 3 3 5 13 57 82 8 3 3 5 13 57 82 8 3
5 504 13 57 3 3 5 13 57 82 8 3 3 5 13 57 82 8 3 3 5 13 57 82 8 3 3 5 13 57 82 8 3 3 5 13 57 82 8 3
5 504 13 57 3 3 5 13 57 82 8 3 3 5 13 57 82 8 3 3 5 13 57 82 8 3 3 5 13 57 82 8 3 3 5 13 57 82 8 3
5 77 28 3 5 13 57 82 8 3 3 5 13 57 82 8 3 3 5 13 57 82 8 3 3 5 13 57 82 8 3 3 5 13 57 82 8 3
5 77 28 3 5 13 57 82 8 3 3 5 13 57 82 8 3 3 5 13 57 82 8 3 3 5 13 57 82 8 3 3 5 13 57 82 8 3
5 13 27 82 3 5 13 57 82 8 3 3 5 13 57 82 8 3 3 5 13 57 82 8 3 3 5 13 57 82 8 3 3 5 13 57 82 8 3
5 13 27 82 3 5 13 57 82 8 3 3 5 13 57 82 8 3 3 5 13 57 82 8 3 3 5 13 57 82 8 3 3 5 13 57 82 8 3
5 13 57 82 8 3 3 5 13 57 82 8 3 3 5 13 57 82 8 3 3 5 13 57 82 8 3 3 5 13 57 82 8 3 3 5 13 57 82 8 3
5 13 57 82 3 5 13 57 82 8 3 3 5 13 57 82 8 3 3 5 13 57 82 8 3 3 5 13 57 82 8 3 3 5 13 57 82 8 3
5 504 13 57 3 3 5 13 57 82 8 3 3 5 13 57 82 8 3 3 5 13 57 82 8 3 3 5 13 57 82 8 3 3 5 13 57 82 8 3
5 504 13 57 3 3 5 13 57 82 8 3 3 5 13 57 82 8 3 3 5 13 57 82 8 3 3 5 13 57 82 8 3 3 5 13 57 82 8 3
5 77 28 3 5 13 57 82 8 3 3 5 13 57 82 8 3 3 5 13 57 82 8 3 3 5 13 57 82 8 3 3 5 13 57 82 8 3
5 77 28 3 5 13 57 82 8 3 3 5 13 57 82 8 3 3 5 13 57 82 8 3 3 5 13 57 82 8 3 3 5 13 57 82 8 3
5 13 27 82 3 5 13 57 82 8 3 3 5 13 57 82 8 3 3 5 13 57 82 8 3 3 5 13 57 82 8 3 3 5 13 57 82 8 3
5 13 27 82 3 5 13 57 82 8 3 3 5 13 57 82 8 3 3 5 13 57 82 8 3 3 5 13 57 82 8 3 3 5 13 57 82 8 3
5 13 57 82 3 5 13 57 82 8 3 3 5 13 57 82 8 3 3 5 13 57 82 8 3 3 5 13 57 82 8 3 3 5 13 57 82 8 3
5 13 57 82 8 3 3 5 13 57 82 8 3 3 5 13 57 82 8 3 3 5 13 57 82 8 3 3 5 13 57 82 8 3 3 5 13 57 82 8 3
5 504 13 57 3 3 5 13 57 82 8 3 3 5 13 57 82 8 3 3 5 13 57 82 8 3 3 5 13 57 82 8 3 3 5 13 57 82 8 3
5 504 13 57 3 3 5 13 57 82 8 3 3 5 13 57 82 8 3 3 5 13 57 82 8 3 3 5 13 57 82 8 3 3 5 13 57 82 8 3
5 77 28 3 5 13 57 82 8 3 3 5 13 57 82 8 3 3 5 13 57 82 8 3 3 5 13 57 82 8 3 3 5 13 57 82 8 3
5 77 28 3 5 13 57 82 8 3 3 5 13 57 82 8 3 3 5 13 57 82 8 3 3 5 13 57 82 8 3 3 5 13 57 82 8 3
5 13 27 82 3 5 13 57 82 8 3 3 5 13 57 82 8 3 3 5 13 57 82 8 3 3 5 13 57 82 8 3 3 5 13 57 82 8 3
5 13 27 82 3 5 13 57 82 8 3 3 5 13 57 82 8 3 3 5 13 57 82 8 3 3 5 13 57 82 8 3 3 5 13 57 82 8 3
5 13 57 82 3 5 13 57 82 8 3 3 5 13 57 82 8 3 3 5 13 57 82 8 3 3 5 13 57 82 8 3 3 5 13 57 82 8 3
5 13 57 82 3 5 13 57 82 8 3 3 5 13 57 82 8 3 3 5 13 57 82 8 3 3 5 13 57 82 8 3 3 5 13 57 82 8 3
5 504 13 57 3 3 5 13 57 82 8 3 3 5 13 57 82 8 3 3 5 13 57 82 8 3 3 5 13 57 82 8 3 3 5 13 57 82 8 3
5 504 13 57 3 3 5 13 57 82 8 3 3 5 13 57 82 8 3 3 5 13 57 82 8 3 3 5 13 57 82 8 3 3 5 13 57 82 8 3
5 77 28 3 5 13 27 82 3 5 13 57 82 8 3 3 5 13 57 82 8 3 3 5 13 57 82 8 3 3 5 13 57 82 8 3
18 7 1011 317 3 10 114 3 3 5 13 57 82 8 3 3 5 13 57 82 8 3 3 5 13 57 82 8 3 3 5 13 57 82 8 3 3 5 13 57 82 8 3
3 422 272 5 13 27 33 272 3 103 422 272 5 504 13 57 3 272 3 103 422 272 5 13 57 82 8 3 272 3 103 422 272 5 13 57 82 8 3 272 3 103 422 272 5 13 57 82 8 3 272 3 103 422 272 5 13 57 82 8 3 272 3
